# GIMP colorrc
# 
# This file holds a list of recently used colors.

(color-history
    (color-rgba 0.000000 0.000000 0.000000 1.000000)
    (color-rgba 0.113725 0.125490 0.129412 1.000000)
    (color-rgba 1.000000 1.000000 1.000000 1.000000)
    (color-rgba 0.156863 0.156863 0.156863 1.000000)
    (color-rgba 0.270588 0.521569 0.533333 1.000000)
    (color-rgba 0.996078 0.501961 0.098039 1.000000)
    (color-rgba 0.407843 0.615686 0.415686 1.000000)
    (color-rgba 0.839216 0.364706 0.054902 1.000000)
    (color-rgba 0.556863 0.752941 0.486275 1.000000)
    (color-rgba 0.513725 0.647059 0.596078 1.000000)
    (color-rgba 0.980392 0.741176 0.184314 1.000000)
    (color-rgba 0.984314 0.286275 0.203922 1.000000)
    (color-rgba 0.843137 0.600000 0.129412 1.000000)
    (color-rgba 0.800000 0.141176 0.113725 1.000000)
    (color-rgba 0.984314 0.945098 0.780392 1.000000)
    (color-rgba 0.835294 0.768627 0.631373 1.000000)
    (color-rgba 0.741176 0.682353 0.576471 1.000000)
    (color-rgba 0.658824 0.600000 0.517647 1.000000)
    (color-rgba 0.196078 0.188235 0.184314 1.000000)
    (color-rgba 0.572549 0.513725 0.454902 1.000000)
    (color-rgba 0.486275 0.435294 0.392157 1.000000)
    (color-rgba 0.313725 0.286275 0.270588 1.000000)
    (color-rgba 0.235294 0.219608 0.211765 1.000000)
    (color-rgba 0.921569 0.858824 0.698039 1.000000)
    (color-rgba 0.827451 0.525490 0.607843 1.000000)
    (color-rgba 0.721569 0.733333 0.149020 1.000000)
    (color-rgba 0.694118 0.384314 0.525490 1.000000)
    (color-rgba 0.596078 0.592157 0.101961 1.000000))

# end of colorrc
